#Id, Name, Power, Generation, Connected:
1, Daniesk, 42, 98, (2, 4, 30)
2, Marcosi, 48, 98, (3)
3, Carlovskaia, 36, 98, (2, 7, 30)
4, Josusk, 24, 98, (1, 5, 6, 20)
5, Joani, 6, 98, (3, 4, 20, 21)
6, Ritunbo, 2, 98, (10, 22, 24, 30)
7, Saroka, 8, 98, (26)
8, Luica, 24, 98, (9, 20, 31)
9, Davia, 36, 98, (8, 21, 23)
10, Cunoli, 20, 98, (6, 13, 31)
11, Anato, 8, 98, (12, 14, 23, 25)
12, Pedoli, 12, 98, (7, 11, 15, 21, 27, 31)
13, Larala, 22, 98, (10, 16, 24, 28)
14, Joca, 16, 98, (11, 16, 24, 25, 27)
15, Manuka, 18, 98, (12, 17, 26, 27, 30)
16, Sofa, 12, 98, (13, 14, 28, 29)
17, Lusato, 36, 98, (15, 19, 29, 30, 33)
18, Ugito, 24, 98, (19, 28, 29)
19, Lusuar, 42, 98, (18, 29)
20, Migu, 33, 99, (4, 5, 8, 9, 22, 34)
21, Filipi, 27, 99, (5, 9, 12)
22, Jaimilo, 11, 99, (6, 20, 25, 34)
23, Carlolo, 45, 99, (9, 11)
24, Paulijo, 17, 99, (6, 13, 14, 35)
25, Mariola, 15, 99, (8, 11, 14, 22)
26, Rutola, 53, 99, (7, 15)
27, Paulola, 21, 99, (12, 14, 15, 29, 35)
28, Diogocao, 19, 99, (13, 16, 18)
29, Clarismo, 13, 99, (16, 17, 18, 19, 35)
30, Fazimo, 55, 97, (15, 17, 31)
31, Sofala, 66, 97, (13, 14, 28, 29, 32)
32, Luluamba, 68, 97, (15, 19, 29, 30, 33)
33, Uige, 45, 97, (19, 28, 29, 34)
34, Lisura, 53, 97, (18, 29, 35)
35, Machoku, 24, 97, (4, 5, 8, 9, 22, 31)